
Example of 10 x 10 Matrix:
 [[5.88130801 8.97713728 8.91530729 8.15837477 0.35889586 6.91757582
  3.78680942 5.18510945 6.57951466 1.93850218]
 [2.72316402 7.18605934 7.83003609 8.5032764  7.75244894 0.36664306
  1.16693735 7.51280699 2.39218216 2.54806014]
 [8.57625531 9.49779026 5.61686858 1.7878052  7.70251933 4.9238104
  6.31253066 8.39497923 4.61039396 4.97940073]
 [6.79411118 6.50785914 2.68795239 0.67324667 7.71445138 4.80984132
  3.29206408 5.10641056 2.63628829 3.1051155 ]
 [6.26853438 5.57449811 3.1857956  3.94843221 2.57974586 5.82241123
  1.6162871  5.9813382  8.25823577 1.56391719]
 [7.34300519 4.08643432 7.78687904 8.03970568 7.86071444 5.92287019
  6.64489203 6.46567287 4.25636479 5.13568334]
 [5.01257844 0.37083811 7.08116095 6.204306   7.77808535 4.59409466
  3.79805555 2.91892204 5.57228862 0.84163602]
 [6.31281669 9.44570488 8.91237535 8.7858258  3.44751627 7.03100532
  5.27337605 6.59316956 2.68290634 6.07767079]
 [0.4815737  6.95500639 2.99271878 1.65635555 3.3225194  1.65437746
  9.14637981 2.84025006 1.07607265 1.1700177 ]
 [7.55523599 8.38894458 0.35537027 1.2144377  8.91008055 5.15092234
  9.24419012 5.8124263  7.73256387 4.22676894]]

Determinant of matrix 14642794.877245871

Inverse of the Matrix:
 [[ 0.60338218  0.02385567 -0.08631879  0.2634349  -0.38147461  0.60098604
  -0.43453964 -0.63250227 -0.18942862  0.076417  ]
 [ 0.11353501  0.05135503 -0.04394698  0.07067532 -0.11438463 -0.12129516
  -0.02139155  0.01996375 -0.03597956  0.09203724]
 [-0.11057636 -0.04183365  0.27931331 -0.21345507 -0.03090053 -0.30845808
   0.28738706  0.20659739 -0.01201988 -0.06104827]
 [ 0.24857208  0.08587276 -0.28237344  0.16971495 -0.10151924  0.36412447
  -0.26960125 -0.25540576 -0.0366009   0.06840713]
 [-0.12708487  0.03677935 -0.04124861  0.05712867  0.00794668 -0.16138818
   0.14892196  0.11933089  0.00834862  0.0323394 ]
 [-0.31466035 -0.1086759  -0.1271484   0.14047596  0.32123647 -0.19129383
   0.16834574  0.31328304  0.17804892 -0.16328994]
 [ 0.10050018 -0.03300511 -0.02110518  0.00258604 -0.04453502  0.22215322
  -0.1153377  -0.17466511  0.08749563 -0.00678088]
 [-0.17958902  0.01054207  0.01228874  0.04501986  0.3485542   0.22443619
  -0.15678412 -0.10397742  0.19891569 -0.24753963]
 [-0.16630906 -0.00562397  0.17167595 -0.31654399  0.0720909  -0.36038403
   0.27191828  0.25047396 -0.07113393  0.12655777]
 [-0.38322071 -0.04284078  0.25625495 -0.4220582   0.01864174 -0.47406762
   0.32379789  0.58040388 -0.14780436  0.15732951]]

EigenValues of Matrix:
 [51.885941  +0.j         -9.00011871+0.j         -5.06030587+6.94090544j
 -5.06030587-6.94090544j  6.51089118+0.j         -1.88833078+0.j
  1.29017168+3.08787148j  1.29017168-3.08787148j  1.43451443+0.j
  2.15153658+0.j        ]

EigenVectors:
 [[-0.34227848+0.j          0.22415905+0.j          0.16693298+0.35739658j
   0.16693298-0.35739658j  0.1904134 +0.j          0.42908375+0.j
  -0.0909521 +0.14110403j -0.0909521 -0.14110403j -0.6528327 +0.j
  -0.62858819+0.j        ]
 [-0.28886352+0.j          0.32534666+0.j         -0.22105901-0.14223212j
  -0.22105901+0.14223212j  0.62158171+0.j         -0.20843345+0.j
  -0.09723741+0.20822132j -0.09723741-0.20822132j -0.13556377+0.j
  -0.21942735+0.j        ]
 [-0.37914262+0.j         -0.34426244+0.j          0.11921757-0.13177061j
   0.11921757+0.13177061j  0.078062  +0.j         -0.28868726+0.j
   0.03266665-0.0893237j   0.03266665+0.0893237j   0.09891454+0.j
  -0.19187942+0.j        ]
 [-0.26370363+0.j         -0.37186191+0.j          0.03597454-0.22029186j
   0.03597454+0.22029186j  0.04694316+0.j          0.22489782+0.j
  -0.05531546+0.06946381j -0.05531546-0.06946381j -0.24449516+0.j
  -0.01880021+0.j        ]
 [-0.26459942+0.j          0.07597183+0.j          0.46703198+0.j
   0.46703198-0.j         -0.00143736+0.j         -0.19908759+0.j
  -0.04492268+0.08204366j -0.04492268-0.08204366j  0.08306461+0.j
   0.11329269+0.j        ]
 [-0.38330023+0.j          0.21098648+0.j         -0.20807355-0.147909j
  -0.20807355+0.147909j   -0.50023658+0.j         -0.35672969+0.j
  -0.08106026-0.3564218j  -0.08106026+0.3564218j   0.22295128+0.j
   0.47117698+0.j        ]
 [-0.25806766+0.j          0.33080579+0.j         -0.1295771 -0.26578695j
  -0.1295771 +0.26578695j -0.43723499+0.j          0.27183914+0.j
   0.00114839+0.07919654j  0.00114839-0.07919654j -0.02371196+0.j
   0.00638224+0.j        ]
 [-0.39879331+0.j          0.15293696+0.j         -0.19074694+0.24635213j
  -0.19074694-0.24635213j -0.01709689+0.j          0.49587353+0.j
  -0.18830846-0.39876875j -0.18830846+0.39876875j  0.1339213 +0.j
   0.27643413+0.j        ]
 [-0.17992118+0.j         -0.41954293+0.j         -0.20133024+0.36823981j
  -0.20133024-0.36823981j -0.10194225+0.j         -0.16768711+0.j
   0.18956079+0.2485922j   0.18956079-0.2485922j   0.29718836+0.j
   0.08377255+0.j        ]
 [-0.33343067+0.j         -0.47747135+0.j          0.2048393 -0.0895221j
   0.2048393 +0.0895221j  -0.34202913+0.j         -0.35174605+0.j
   0.67914463+0.j          0.67914463-0.j          0.56784229+0.j
   0.44859779+0.j        ]]
